12260363676
15654362783
814123934
8578789450
10991107312
3152953098
6301309478
14316314671
10391124068
241925115
5787684967
1606971316
3135796037
3658682325
9956809114
15544166067
15888090949
4073415339
15888090949
1496486145
6123090381
1831844548
8442087753
9781852115
15600061083
7297617893
5682683780
15420671669
5624476840
15041039899
2057814810
8780976677
15853237064
7800423619
15679711357
14973057466
14445820024
15506488851
10710282806
2860615899
12570410218
11156956896
11161803741
1604723167
3503951
4775577874
3134983583
2080095409
11784056853
15254885796
15853237064
7800423619
9701918967
10940745423
3627878306
13540445429
13709102938
15873387915
15710856256
15539390834
13803607438
12993228582
1038289907
15610140691
1903457341
4573511992
5661824144
5651715898
4248252482
15845501800
5902242939
2974701956
5973962867
7337811537
3233464662
5651715898
15724707522
14018883990
12812835589
11588226048
11043209324
2288330036
15647210764
15535151444
2071803192
6320440520
9487983899
5712042490
3028956600
15369052840
15548707711
9073799745
10932957759
6209753857
15467752903
12356292573
2044935757
15734810619
15752433421
4185863918
6320827197
2238556933
8957556817
13867314350
8145252368
8425177970
13539304052
6724432156
291595186
10259667338
5824742588
1659485692
195188649
13531577225
15842082343
13721424245
9467079957
2290047380
195581937
15673518991
15032183008
1363364940
758787038
481267863
282470939
1999692739
359420888
13595925373
1459041913
7856579541
7509999599
425697459
1520457145
14934324451
8068809591
8745676051
1482369330
1801007599
219880354
4450596094
15630263343
15756876824
4073415339
16388719633
7956043700
2089327631
899059123
6538236435
15409704728
14921285918
12802093925
5941394202
2862411254
9224547190
8759936315
2083266371
2290047380
2238556933
8957556817
13867314350
8145252368
8425177970
13539304052
2116963781
6006551889
7287295977
9481465033
13073338330
15717516064
14021920395
2014073856
8234312430
9284264997
13770025665
9266772928
13706038861
6198400298
4450596094
15630263343
8714124500
2290047380
195581937
15673518991
15032183008
1363364940
9641522016
7643749027
1137484600
1409882152
8521376092
6834313362
13966185567
12745032713
15487455953
1417082109
15902217777
3924511299
1234411548
1785318695
2051569538
1468372398
13709012449
1421852654
13706038861
14643317475
12734956468
7137165304
2965167296
14742734353
5657758976
1590790701
4696242315
9284264997
13966185567
219880354
1801007599
856820348
15844094151
15860284928
2131911772
15879843600
12148516581
6320440520
2071803192
5327425450
4347043539
14829374893
5887938996
2131138425
14413884231
14409111090
5455412706
13270694365
17100066921
8119299533
4561674976
15867991633
1633428765
7694538068
4468679592
17099282790
8972708720
1933047362
1096824294
7184461708
15215792158
16903991049
5663467216
12528093
186559315
7572946128
8055903251
17075396927
14586602664
4616565365
1662841373
16920409779
8621691234
1935017301
546022396
2001676279
13445306411
333674758
8981358299
12620675470
8971974015
4861907841
12059809297
16499250578
469843273
10106805669
13690854226
746029384
1263646754
3001517265
16808509207
16822025599
585468017
2959699493
8168351072
15693537319
13449321685
10356717467
4143481807
12023278189
9264541101
16395659525
16733176564
16841906295
4582422606
1735314227
7741136165
10855423832
1143683798
195706248
17081871865
17102245677
12732723715
16962244358
17110658280
16899868028
8752101166
5958104047
7425752081
9734574777
10245352041
1143683798
195706248
1401167902
3001517265
16808509207
7845858004
1941649188
6957151967
313992010
14989047901
17058329339
3571763201
15756282433
6827945170
996897089
4155984571
1533822612
1654665773
1226939404
16808509207
16822025599
585468017
16626141270
16855241732
1662841373
16920409779
8621691234
1935017301
9693474338
144466931
8194639252
2219325390
8058535606
2225987723
3964592627
8413141852
14296518859
7170578435
4204668471
3132768197
7590980773
2272927258
4020438771
8711090161
4064468933
471145113
12671449275
16822025599
585468017
16626141270
16855241732
43795764
16701169969
8433001167
4304011141
7958825380
872572305
7313147606
4538122980
1549549398
1967477079
8599303060
579328030
17056278428
1696149581
1241066887
17127769511
4468679592
3132768197
7590980773
14443116964
16362442264
6979288750
1910130688
14105425690
3920266067
8029015340
4151000375
17084564443
8131256276
13969240027
6185933653
7522752057
6332585684
7374606380
4253053420
872572305
7313147606
6161038108
7008605592
11917892485
5522553407
16877786345
16915829421
205707556
1778819138
3107723265
16731230916
16877786345
16915829421
205707556
17064317021
11528289320
326267660
13924020128
9297760084
7194999305
16924933339
16975401483
11375295897
5781294825
16920421870
12130939002
5781678798
16031450629
5598601950
12895272716
12369327031
3949304425
5425883273
7516153344
4679764990
10005401945
8118609547
16249639644
17366361693
17300878768
14203695203
3457674119
13371455275
5924189610
3269163643
1388909873
16512362522
2863475373
14203695203
7921172522
6865876584
8801414020
10212929769
16691691902
16931757970
17352123154
7636695523
